 7.1506965954e+10
 3.4945871287e+10
 2.4345703306e+10
 2.1959176579e+10
 2.0542322323e+10
 1.9124662907e+10
 1.7968610134e+10
 1.7072997854e+10
 1.6146617574e+10
 1.5104858344e+10
 1.4501795376e+10
 1.3817946948e+10
 1.3082602903e+10
 1.2245344570e+10
 1.1334995739e+10
 1.0836860937e+10
 1.0138659397e+10
 9.7327033659e+09
 9.1419649687e+09
 8.6597531961e+09
 8.1805550244e+09
 7.6600320729e+09
 7.1744157377e+09
 6.8765376708e+09
 6.4383757941e+09
 6.0654993844e+09
 5.8698651081e+09
 5.5743365872e+09
 5.1601132105e+09
 4.9341961494e+09
 4.6643610607e+09
 4.3838108853e+09
 4.1925603286e+09
 3.9342874069e+09
 3.7416870365e+09
 3.5957140216e+09
 3.3670373343e+09
 3.1943930960e+09
 3.0210610262e+09
 2.8806473067e+09
 2.7369528848e+09
 2.6188674846e+09
 2.4936623036e+09
 2.3681707694e+09
 2.2871547383e+09
 2.1657287409e+09
 2.0822105165e+09
 1.9706187019e+09
 1.9040215975e+09
 1.8376051461e+09
 1.7753266377e+09
 1.6813664120e+09
 1.6099608763e+09
 1.5880162852e+09
 1.5410996147e+09
 1.4970888637e+09
 1.4636834883e+09
 1.4351694871e+09
 1.4036034722e+09
 1.3815447088e+09
 1.3680515268e+09
 1.3393114608e+09
 1.3475517056e+09
 1.3292538839e+09
 1.3245733449e+09
 1.3292478978e+09
 1.3475745646e+09
 1.3393220766e+09
 1.3680720905e+09
 1.3815320423e+09
 1.4036178796e+09
 1.4351721304e+09
 1.4636743605e+09
 1.4970965328e+09
 1.5411127918e+09
 1.5880033754e+09
 1.6099938837e+09
 1.6813434589e+09
 1.7753068818e+09
 1.8375996801e+09
 1.9040261834e+09
 1.9706157307e+09
 2.0822216361e+09
 2.1656995315e+09
 2.2871458925e+09
 2.3681427949e+09
 2.4936732327e+09
 2.6188511146e+09
 2.7369180176e+09
 2.8806422131e+09
 3.0210914665e+09
 3.1943875127e+09
 3.3670345052e+09
 3.5956939903e+09
 3.7416300805e+09
 3.9342517066e+09
 4.1925319146e+09
 4.3838110358e+09
 4.6643266189e+09
 4.9342069638e+09
 5.1601266951e+09
 5.5742648704e+09
 5.8698668089e+09
 6.0655062029e+09
 6.4383910907e+09
 6.8765282144e+09
 7.1743943714e+09
 7.6599366269e+09
 8.1805469747e+09
 8.6597374044e+09
 9.1419840314e+09
 9.7326446296e+09
 1.0138618367e+10
 1.0836817878e+10
 1.1334967838e+10
 1.2245276234e+10
 1.3082498140e+10
 1.3817867558e+10
 1.4501735116e+10
 1.5104785812e+10
 1.6146548226e+10
 1.7072934586e+10
 1.7968437591e+10
 1.9124577048e+10
 2.0542269824e+10
 2.1959167465e+10
 2.4345606261e+10
 3.4945645590e+10
